19 -1
-2 34
1 -1
-2 37
1 -1
-2 19
0 -1
19 -1
-2 25
0 -1
22 -1
-2 35
0 -1
20 -1
-2 28
0 -1
23 -1
2 -1
-2 34
3 -1
0 -1
25 -1
2 -1
-2 34
8 -1
14 -1
-3 8
31 -1
-2 34
8 -1
14 -1
-3 25
3 -1
26 -1
-2 35
14 -1
14 -1
-3 25
0 -1
28 -1
-2 25
14 -1
14 -1
-3 37
0 -1
27 -1
2 -1
-2 25
10 -1
14 -1
-2 34
6 -1
-3 37
32 -1
-2 35
9 -1
14 -1
-3 25
3 -1
26 -1
25 -1
2 -1
-2 34
7 -1
7 -1
-2 25
8 -1
14 -1
-3 8
3 -1
26 -1
-2 35
14 -1
14 -1
-3 25
0 -1
28 -1
-2 25
14 -1
14 -1
-2 25
15 -1
15 -1
-3 25
0 -1
29 -1
25 -1
2 -1
-2 35
8 -1
14 -1
-3 24
3 -1
26 -1
-2 28
14 -1
14 -1
-3 25
0 -1
30 -1
-2 28
14 -1
14 -1
-3 34
0 -1
28 -1
24 -1
2 -1
-2 28
3 -1
0 -1
